V 0 148 482
V 1 654 312
V 2 342 89
V 3 512 567
V 4 87 234
V 5 720 145
V 6 231 412
V 7 489 321
V 8 612 98
V 9 55 543
V 10 398 212
V 11 678 456
V 12 123 78
V 13 445 532
V 14 289 167
V 15 754 389
V 16 332 498
V 17 567 123
V 18 98 345
V 19 621 512
V 20 187 276
V 21 412 87
V 22 534 398
V 23 267 589
V 24 712 234
V 25 45 156
V 26 378 432
V 27 645 67
V 28 154 321
V 29 598 289
V 30 221 112
V 31 476 543
V 32 789 512
V 33 112 467
V 34 356 234
V 35 632 412
V 36 298 543
V 37 521 78
V 38 76 289
V 39 434 356
V 40 689 156
V 41 143 512
V 42 387 123
V 43 576 467
V 44 254 389
V 45 723 543
V 46 89 112
V 47 467 234
V 48 612 321
V 49 198 567
V 50 321 87
V 51 543 212
V 52 756 67
V 53 134 432
V 54 412 512
V 55 667 389
V 56 278 234
V 57 498 156
V 58 65 345
V 59 367 321
V 60 589 543
V 61 212 456
V 62 445 78
V 63 734 289
V 64 167 123
V 65 398 589
V 66 523 412
V 67 112 276
V 68 345 467
V 69 678 512
V 70 245 87
V 71 478 389
V 72 712 432
V 73 56 412
V 74 312 212
V 75 556 321
V 76 189 78
V 77 423 456
V 78 643 123
V 79 267 345
V 80 512 289
V 81 745 567
V 82 98 589
V 83 389 543
V 84 598 432
V 85 234 512
V 86 467 67
V 87 698 356
V 88 123 321
V 89 356 156
V 90 534 589
V 91 289 456
V 92 489 112
V 93 721 212
V 94 45 467
V 95 332 389
V 96 578 234
V 97 221 289
V 98 434 567
V 99 656 78
E 0 41
E 0 61
E 1 35
E 1 55
E 2 14
E 2 21
E 3 13
E 3 31
E 4 18
E 4 25
E 5 24
E 5 40
E 6 44
E 6 61
E 7 22
E 7 48
E 8 17
E 8 27
E 9 82
E 9 94
E 10 34
E 10 42
E 11 15
E 11 69
E 12 46
E 12 64
E 13 54
E 13 98
E 14 30
E 14 56
E 15 32
E 15 72
E 16 36
E 16 68
E 17 37
E 17 78
E 18 67
E 18 38
E 19 32
E 19 60
E 20 28
E 20 97
E 21 50
E 21 62
E 22 29
E 22 80
E 23 49
E 23 65
E 24 93
E 24 40
E 25 46
E 25 12
E 26 39
E 26 59
E 27 99
E 27 40
E 28 58
E 28 88
E 29 48
E 29 75
E 30 76
E 30 70
E 31 65
E 31 90
E 32 45
E 32 81
E 33 73
E 33 94
E 34 74
E 34 89
E 35 43
E 35 84
E 36 83
E 36 85
E 37 92
E 37 86
E 38 58
E 38 73
E 39 71
E 39 95
E 41 82
E 41 49
E 42 86
E 42 92
E 43 60
E 43 84
E 44 79
E 44 95
E 45 72
E 45 87
E 47 57
E 47 96
E 48 55
E 48 87
E 49 85
E 50 70
E 51 80
E 51 96
E 52 78
E 52 99
E 53 61
E 53 85
E 54 83
E 54 65
E 56 74
E 56 89
E 57 78
E 57 92
E 59 71
E 59 75
E 62 86
E 62 92
E 63 72
E 63 93
E 64 76
E 66 71
E 66 80
E 67 88
E 68 83
E 68 91
E 69 81
E 69 87
E 70 76
E 74 89
E 75 87
E 77 91
E 77 98
E 79 97
E 80 96
E 81 90
E 82 94
E 83 98
E 84 90
E 85 91
E 88 94
E 91 95
E 93 99
E 1 84
E 5 52
E 10 57
E 16 91
E 20 79
E 26 77
E 33 41
E 47 74
E 53 94
E 60 90
E 66 84
E 3 65
E 7 39
E 11 45
E 19 81
E 23 54
E 31 98
E 35 69
E 43 55
E 51 75
E 59 80